1500

1 1 1 1 
2 2 2 2 
3 3 3 3 
4 4 4 4 
5 5 5 5 
6 6 6 6 
7 7 7 7 
8 8 8 8 
9 9 9 9 
10 10 10 10 
11 1 11 11 
12 2 12 12 
13 3 13 13 
14 4 14 14 
15 5 15 15 
16 6 16 16 
17 7 17 17 
18 8 18 18 
19 9 19 19 
20 10 20 20 
21 1 21 21 
22 2 22 22 
23 3 23 23 
24 4 24 24 
25 5 25 25 
26 6 26 26 
27 7 27 27 
28 8 28 28 
29 9 29 29 
30 10 30 30 
31 1 31 31 
32 2 32 32 
33 3 33 33 
34 4 34 34 
35 5 35 35 
36 6 36 36 
37 7 37 37 
38 8 38 38 
39 9 39 39 
40 10 40 40 
41 1 41 41 
42 2 42 42 
43 3 43 43 
44 4 44 44 
45 5 45 45 
46 6 46 46 
47 7 47 47 
48 8 48 48 
49 9 49 49 
50 10 50 50 
51 1 51 51 
52 2 52 52 
53 3 53 53 
54 4 54 54 
55 5 55 55 
56 6 56 56 
57 7 57 57 
58 8 58 58 
59 9 59 59 
60 10 60 60 
61 1 61 61 
62 2 62 62 
63 3 63 63 
64 4 64 64 
65 5 65 65 
66 6 66 66 
67 7 67 67 
68 8 68 68 
69 9 69 69 
70 10 70 70 
71 1 71 71 
72 2 72 72 
73 3 73 73 
74 4 74 74 
75 5 75 75 
76 6 76 76 
77 7 77 77 
78 8 78 78 
79 9 79 79 
80 10 80 80 
81 1 81 81 
82 2 82 82 
83 3 83 83 
84 4 84 84 
85 5 85 85 
86 6 86 86 
87 7 87 87 
88 8 88 88 
89 9 89 89 
90 10 90 90 
91 1 91 91 
92 2 92 92 
93 3 93 93 
94 4 94 94 
95 5 95 95 
96 6 96 96 
97 7 97 97 
98 8 98 98 
99 9 99 99 
100 10 100 100 
101 1 101 101 
102 2 102 102 
103 3 103 103 
104 4 104 104 
105 5 105 105 
106 6 106 106 
107 7 107 107 
108 8 108 108 
109 9 109 109 
110 10 110 110 
111 1 111 111 
112 2 112 112 
113 3 113 113 
114 4 114 114 
115 5 115 115 
116 6 116 116 
117 7 117 117 
118 8 118 118 
119 9 119 119 
120 10 120 120 
121 1 121 121 
122 2 122 122 
123 3 123 123 
124 4 124 124 
125 5 125 125 
126 6 126 126 
127 7 127 127 
128 8 128 128 
129 9 129 129 
130 10 130 130 
131 1 131 131 
132 2 132 132 
133 3 133 133 
134 4 134 134 
135 5 135 135 
136 6 136 136 
137 7 137 137 
138 8 138 138 
139 9 139 139 
140 10 140 140 
141 1 141 141 
142 2 142 142 
143 3 143 143 
144 4 144 144 
145 5 145 145 
146 6 146 146 
147 7 147 147 
148 8 148 148 
149 9 149 149 
150 10 150 150 
151 1 151 151 
152 2 152 152 
153 3 153 153 
154 4 154 154 
155 5 155 155 
156 6 156 156 
157 7 157 157 
158 8 158 158 
159 9 159 159 
160 10 160 160 
161 1 161 161 
162 2 162 162 
163 3 163 163 
164 4 164 164 
165 5 165 165 
166 6 166 166 
167 7 167 167 
168 8 168 168 
169 9 169 169 
170 10 170 170 
171 1 171 171 
172 2 172 172 
173 3 173 173 
174 4 174 174 
175 5 175 175 
176 6 176 176 
177 7 177 177 
178 8 178 178 
179 9 179 179 
180 10 180 180 
181 1 181 181 
182 2 182 182 
183 3 183 183 
184 4 184 184 
185 5 185 185 
186 6 186 186 
187 7 187 187 
188 8 188 188 
189 9 189 189 
190 10 190 190 
191 1 191 191 
192 2 192 192 
193 3 193 193 
194 4 194 194 
195 5 195 195 
196 6 196 196 
197 7 197 197 
198 8 198 198 
199 9 199 199 
200 10 200 200 
201 1 201 201 
202 2 202 2 
203 3 203 203 
204 4 204 4 
205 5 205 205 
206 6 206 6 
207 7 207 207 
208 8 208 8 
209 9 209 209 
210 10 210 10 
211 1 211 211 
212 2 212 12 
213 3 213 213 
214 4 214 14 
215 5 215 215 
216 6 216 16 
217 7 217 217 
218 8 218 18 
219 9 219 219 
220 10 220 20 
221 1 221 221 
222 2 222 22 
223 3 223 223 
224 4 224 24 
225 5 225 225 
226 6 226 26 
227 7 227 227 
228 8 228 28 
229 9 229 229 
230 10 230 30 
231 1 231 231 
232 2 232 32 
233 3 233 233 
234 4 234 34 
235 5 235 235 
236 6 236 36 
237 7 237 237 
238 8 238 38 
239 9 239 239 
240 10 240 40 
241 1 241 241 
242 2 242 42 
243 3 243 243 
244 4 244 44 
245 5 245 245 
246 6 246 46 
247 7 247 247 
248 8 248 48 
249 9 249 249 
250 10 250 50 
251 1 251 251 
252 2 252 52 
253 3 253 253 
254 4 254 54 
255 5 255 255 
256 6 256 56 
257 7 257 257 
258 8 258 58 
259 9 259 259 
260 10 260 60 
261 1 261 261 
262 2 262 62 
263 3 263 263 
264 4 264 64 
265 5 265 265 
266 6 266 66 
267 7 267 267 
268 8 268 68 
269 9 269 269 
270 10 270 70 
271 1 271 271 
272 2 272 72 
273 3 273 273 
274 4 274 74 
275 5 275 275 
276 6 276 76 
277 7 277 277 
278 8 278 78 
279 9 279 279 
280 10 280 80 
281 1 281 281 
282 2 282 82 
283 3 283 283 
284 4 284 84 
285 5 285 285 
286 6 286 86 
287 7 287 287 
288 8 288 88 
289 9 289 289 
290 10 290 90 
291 1 291 291 
292 2 292 92 
293 3 293 293 
294 4 294 94 
295 5 295 295 
296 6 296 96 
297 7 297 297 
298 8 298 98 
299 9 299 299 
300 10 300 100 
301 1 301 301 
302 2 302 102 
303 3 303 303 
304 4 304 104 
305 5 305 305 
306 6 306 106 
307 7 307 307 
308 8 308 108 
309 9 309 309 
310 10 310 110 
311 1 311 311 
312 2 312 112 
313 3 313 313 
314 4 314 114 
315 5 315 315 
316 6 316 116 
317 7 317 317 
318 8 318 118 
319 9 319 319 
320 10 320 120 
321 1 321 321 
322 2 322 122 
323 3 323 323 
324 4 324 124 
325 5 325 325 
326 6 326 126 
327 7 327 327 
328 8 328 128 
329 9 329 329 
330 10 330 130 
331 1 331 331 
332 2 332 132 
333 3 333 333 
334 4 334 134 
335 5 335 335 
336 6 336 136 
337 7 337 337 
338 8 338 138 
339 9 339 339 
340 10 340 140 
341 1 341 341 
342 2 342 142 
343 3 343 343 
344 4 344 144 
345 5 345 345 
346 6 346 146 
347 7 347 347 
348 8 348 148 
349 9 349 349 
350 10 350 150 
351 1 351 351 
352 2 352 152 
353 3 353 353 
354 4 354 154 
355 5 355 355 
356 6 356 156 
357 7 357 357 
358 8 358 158 
359 9 359 359 
360 10 360 160 
361 1 361 361 
362 2 362 162 
363 3 363 363 
364 4 364 164 
365 5 365 365 
366 6 366 166 
367 7 367 367 
368 8 368 168 
369 9 369 369 
370 10 370 170 
371 1 371 371 
372 2 372 172 
373 3 373 373 
374 4 374 174 
375 5 375 375 
376 6 376 176 
377 7 377 377 
378 8 378 178 
379 9 379 379 
380 10 380 180 
381 1 381 381 
382 2 382 182 
383 3 383 383 
384 4 384 184 
385 5 385 385 
386 6 386 186 
387 7 387 387 
388 8 388 188 
389 9 389 389 
390 10 390 190 
391 1 391 391 
392 2 392 192 
393 3 393 393 
394 4 394 194 
395 5 395 395 
396 6 396 196 
397 7 397 397 
398 8 398 198 
399 9 399 399 
400 10 400 200 
401 1 401 1 
402 2 402 2 
403 3 403 3 
404 4 404 4 
405 5 405 5 
406 6 406 6 
407 7 407 7 
408 8 408 8 
409 9 409 9 
410 10 410 10 
411 1 411 11 
412 2 412 12 
413 3 413 13 
414 4 414 14 
415 5 415 15 
416 6 416 16 
417 7 417 17 
418 8 418 18 
419 9 419 19 
420 10 420 20 
421 1 421 21 
422 2 422 22 
423 3 423 23 
424 4 424 24 
425 5 425 25 
426 6 426 26 
427 7 427 27 
428 8 428 28 
429 9 429 29 
430 10 430 30 
431 1 431 31 
432 2 432 32 
433 3 433 33 
434 4 434 34 
435 5 435 35 
436 6 436 36 
437 7 437 37 
438 8 438 38 
439 9 439 39 
440 10 440 40 
441 1 441 41 
442 2 442 42 
443 3 443 43 
444 4 444 44 
445 5 445 45 
446 6 446 46 
447 7 447 47 
448 8 448 48 
449 9 449 49 
450 10 450 50 
451 1 451 51 
452 2 452 52 
453 3 453 53 
454 4 454 54 
455 5 455 55 
456 6 456 56 
457 7 457 57 
458 8 458 58 
459 9 459 59 
460 10 460 60 
461 1 461 61 
462 2 462 62 
463 3 463 63 
464 4 464 64 
465 5 465 65 
466 6 466 66 
467 7 467 67 
468 8 468 68 
469 9 469 69 
470 10 470 70 
471 1 471 71 
472 2 472 72 
473 3 473 73 
474 4 474 74 
475 5 475 75 
476 6 476 76 
477 7 477 77 
478 8 478 78 
479 9 479 79 
480 10 480 80 
481 1 481 81 
482 2 482 82 
483 3 483 83 
484 4 484 84 
485 5 485 85 
486 6 486 86 
487 7 487 87 
488 8 488 88 
489 9 489 89 
490 10 490 90 
491 1 491 91 
492 2 492 92 
493 3 493 93 
494 4 494 94 
495 5 495 95 
496 6 496 96 
497 7 497 97 
498 8 498 98 
499 9 499 99 
500 10 500 100 
501 1 501 101 
502 2 502 102 
503 3 503 103 
504 4 504 104 
505 5 505 105 
506 6 506 106 
507 7 507 107 
508 8 508 108 
509 9 509 109 
510 10 510 110 
511 1 511 111 
512 2 512 112 
513 3 513 113 
514 4 514 114 
515 5 515 115 
516 6 516 116 
517 7 517 117 
518 8 518 118 
519 9 519 119 
520 10 520 120 
521 1 521 121 
522 2 522 122 
523 3 523 123 
524 4 524 124 
525 5 525 125 
526 6 526 126 
527 7 527 127 
528 8 528 128 
529 9 529 129 
530 10 530 130 
531 1 531 131 
532 2 532 132 
533 3 533 133 
534 4 534 134 
535 5 535 135 
536 6 536 136 
537 7 537 137 
538 8 538 138 
539 9 539 139 
540 10 540 140 
541 1 541 141 
542 2 542 142 
543 3 543 143 
544 4 544 144 
545 5 545 145 
546 6 546 146 
547 7 547 147 
548 8 548 148 
549 9 549 149 
550 10 550 150 
551 1 551 151 
552 2 552 152 
553 3 553 153 
554 4 554 154 
555 5 555 155 
556 6 556 156 
557 7 557 157 
558 8 558 158 
559 9 559 159 
560 10 560 160 
561 1 561 161 
562 2 562 162 
563 3 563 163 
564 4 564 164 
565 5 565 165 
566 6 566 166 
567 7 567 167 
568 8 568 168 
569 9 569 169 
570 10 570 170 
571 1 571 171 
572 2 572 172 
573 3 573 173 
574 4 574 174 
575 5 575 175 
576 6 576 176 
577 7 577 177 
578 8 578 178 
579 9 579 179 
580 10 580 180 
581 1 581 181 
582 2 582 182 
583 3 583 183 
584 4 584 184 
585 5 585 185 
586 6 586 186 
587 7 587 187 
588 8 588 188 
589 9 589 189 
590 10 590 190 
591 1 591 191 
592 2 592 192 
593 3 593 193 
594 4 594 194 
595 5 595 195 
596 6 596 196 
597 7 597 197 
598 8 598 198 
599 9 599 199 
600 10 600 200 
601 1 601 201 
602 2 602 2 
603 3 603 203 
604 4 604 4 
605 5 605 205 
606 6 606 6 
607 7 607 207 
608 8 608 8 
609 9 609 209 
610 10 610 10 
611 1 611 211 
612 2 612 12 
613 3 613 213 
614 4 614 14 
615 5 615 215 
616 6 616 16 
617 7 617 217 
618 8 618 18 
619 9 619 219 
620 10 620 20 
621 1 621 221 
622 2 622 22 
623 3 623 223 
624 4 624 24 
625 5 625 225 
626 6 626 26 
627 7 627 227 
628 8 628 28 
629 9 629 229 
630 10 630 30 
631 1 631 231 
632 2 632 32 
633 3 633 233 
634 4 634 34 
635 5 635 235 
636 6 636 36 
637 7 637 237 
638 8 638 38 
639 9 639 239 
640 10 640 40 
641 1 641 241 
642 2 642 42 
643 3 643 243 
644 4 644 44 
645 5 645 245 
646 6 646 46 
647 7 647 247 
648 8 648 48 
649 9 649 249 
650 10 650 50 
651 1 651 251 
652 2 652 52 
653 3 653 253 
654 4 654 54 
655 5 655 255 
656 6 656 56 
657 7 657 257 
658 8 658 58 
659 9 659 259 
660 10 660 60 
661 1 661 261 
662 2 662 62 
663 3 663 263 
664 4 664 64 
665 5 665 265 
666 6 666 66 
667 7 667 267 
668 8 668 68 
669 9 669 269 
670 10 670 70 
671 1 671 271 
672 2 672 72 
673 3 673 273 
674 4 674 74 
675 5 675 275 
676 6 676 76 
677 7 677 277 
678 8 678 78 
679 9 679 279 
680 10 680 80 
681 1 681 281 
682 2 682 82 
683 3 683 283 
684 4 684 84 
685 5 685 285 
686 6 686 86 
687 7 687 287 
688 8 688 88 
689 9 689 289 
690 10 690 90 
691 1 691 291 
692 2 692 92 
693 3 693 293 
694 4 694 94 
695 5 695 295 
696 6 696 96 
697 7 697 297 
698 8 698 98 
699 9 699 299 
700 10 700 100 
701 1 701 301 
702 2 702 102 
703 3 703 303 
704 4 704 104 
705 5 705 305 
706 6 706 106 
707 7 707 307 
708 8 708 108 
709 9 709 309 
710 10 710 110 
711 1 711 311 
712 2 712 112 
713 3 713 313 
714 4 714 114 
715 5 715 315 
716 6 716 116 
717 7 717 317 
718 8 718 118 
719 9 719 319 
720 10 720 120 
721 1 721 321 
722 2 722 122 
723 3 723 323 
724 4 724 124 
725 5 725 325 
726 6 726 126 
727 7 727 327 
728 8 728 128 
729 9 729 329 
730 10 730 130 
731 1 731 331 
732 2 732 132 
733 3 733 333 
734 4 734 134 
735 5 735 335 
736 6 736 136 
737 7 737 337 
738 8 738 138 
739 9 739 339 
740 10 740 140 
741 1 741 341 
742 2 742 142 
743 3 743 343 
744 4 744 144 
745 5 745 345 
746 6 746 146 
747 7 747 347 
748 8 748 148 
749 9 749 349 
750 10 750 150 
751 1 751 351 
752 2 752 152 
753 3 753 353 
754 4 754 154 
755 5 755 355 
756 6 756 156 
757 7 757 357 
758 8 758 158 
759 9 759 359 
760 10 760 160 
761 1 761 361 
762 2 762 162 
763 3 763 363 
764 4 764 164 
765 5 765 365 
766 6 766 166 
767 7 767 367 
768 8 768 168 
769 9 769 369 
770 10 770 170 
771 1 771 371 
772 2 772 172 
773 3 773 373 
774 4 774 174 
775 5 775 375 
776 6 776 176 
777 7 777 377 
778 8 778 178 
779 9 779 379 
780 10 780 180 
781 1 781 381 
782 2 782 182 
783 3 783 383 
784 4 784 184 
785 5 785 385 
786 6 786 186 
787 7 787 387 
788 8 788 188 
789 9 789 389 
790 10 790 190 
791 1 791 391 
792 2 792 192 
793 3 793 393 
794 4 794 194 
795 5 795 395 
796 6 796 196 
797 7 797 397 
798 8 798 198 
799 9 799 399 
800 10 800 200 
801 1 801 1 
802 2 802 2 
803 3 803 3 
804 4 804 4 
805 5 805 5 
806 6 806 6 
807 7 807 7 
808 8 808 8 
809 9 809 9 
810 10 810 10 
811 1 811 11 
812 2 812 12 
813 3 813 13 
814 4 814 14 
815 5 815 15 
816 6 816 16 
817 7 817 17 
818 8 818 18 
819 9 819 19 
820 10 820 20 
821 1 821 21 
822 2 822 22 
823 3 823 23 
824 4 824 24 
825 5 825 25 
826 6 826 26 
827 7 827 27 
828 8 828 28 
829 9 829 29 
830 10 830 30 
831 1 831 31 
832 2 832 32 
833 3 833 33 
834 4 834 34 
835 5 835 35 
836 6 836 36 
837 7 837 37 
838 8 838 38 
839 9 839 39 
840 10 840 40 
841 1 841 41 
842 2 842 42 
843 3 843 43 
844 4 844 44 
845 5 845 45 
846 6 846 46 
847 7 847 47 
848 8 848 48 
849 9 849 49 
850 10 850 50 
851 1 851 51 
852 2 852 52 
853 3 853 53 
854 4 854 54 
855 5 855 55 
856 6 856 56 
857 7 857 57 
858 8 858 58 
859 9 859 59 
860 10 860 60 
861 1 861 61 
862 2 862 62 
863 3 863 63 
864 4 864 64 
865 5 865 65 
866 6 866 66 
867 7 867 67 
868 8 868 68 
869 9 869 69 
870 10 870 70 
871 1 871 71 
872 2 872 72 
873 3 873 73 
874 4 874 74 
875 5 875 75 
876 6 876 76 
877 7 877 77 
878 8 878 78 
879 9 879 79 
880 10 880 80 
881 1 881 81 
882 2 882 82 
883 3 883 83 
884 4 884 84 
885 5 885 85 
886 6 886 86 
887 7 887 87 
888 8 888 88 
889 9 889 89 
890 10 890 90 
891 1 891 91 
892 2 892 92 
893 3 893 93 
894 4 894 94 
895 5 895 95 
896 6 896 96 
897 7 897 97 
898 8 898 98 
899 9 899 99 
900 10 900 100 
901 1 901 101 
902 2 902 102 
903 3 903 103 
904 4 904 104 
905 5 905 105 
906 6 906 106 
907 7 907 107 
908 8 908 108 
909 9 909 109 
910 10 910 110 
911 1 911 111 
912 2 912 112 
913 3 913 113 
914 4 914 114 
915 5 915 115 
916 6 916 116 
917 7 917 117 
918 8 918 118 
919 9 919 119 
920 10 920 120 
921 1 921 121 
922 2 922 122 
923 3 923 123 
924 4 924 124 
925 5 925 125 
926 6 926 126 
927 7 927 127 
928 8 928 128 
929 9 929 129 
930 10 930 130 
931 1 931 131 
932 2 932 132 
933 3 933 133 
934 4 934 134 
935 5 935 135 
936 6 936 136 
937 7 937 137 
938 8 938 138 
939 9 939 139 
940 10 940 140 
941 1 941 141 
942 2 942 142 
943 3 943 143 
944 4 944 144 
945 5 945 145 
946 6 946 146 
947 7 947 147 
948 8 948 148 
949 9 949 149 
950 10 950 150 
951 1 951 151 
952 2 952 152 
953 3 953 153 
954 4 954 154 
955 5 955 155 
956 6 956 156 
957 7 957 157 
958 8 958 158 
959 9 959 159 
960 10 960 160 
961 1 961 161 
962 2 962 162 
963 3 963 163 
964 4 964 164 
965 5 965 165 
966 6 966 166 
967 7 967 167 
968 8 968 168 
969 9 969 169 
970 10 970 170 
971 1 971 171 
972 2 972 172 
973 3 973 173 
974 4 974 174 
975 5 975 175 
976 6 976 176 
977 7 977 177 
978 8 978 178 
979 9 979 179 
980 10 980 180 
981 1 981 181 
982 2 982 182 
983 3 983 183 
984 4 984 184 
985 5 985 185 
986 6 986 186 
987 7 987 187 
988 8 988 188 
989 9 989 189 
990 10 990 190 
991 1 991 191 
992 2 992 192 
993 3 993 193 
994 4 994 194 
995 5 995 195 
996 6 996 196 
997 7 997 197 
998 8 998 198 
999 9 999 199 
1000 10 1000 200 
1001 1 1001 201 
1002 2 1002 2 
1003 3 1003 203 
1004 4 1004 4 
1005 5 1005 205 
1006 6 1006 6 
1007 7 1007 207 
1008 8 1008 8 
1009 9 1009 209 
1010 10 1010 10 
1011 1 1011 211 
1012 2 1012 12 
1013 3 1013 213 
1014 4 1014 14 
1015 5 1015 215 
1016 6 1016 16 
1017 7 1017 217 
1018 8 1018 18 
1019 9 1019 219 
1020 10 1020 20 
1021 1 1021 221 
1022 2 1022 22 
1023 3 1023 223 
1024 4 1024 24 
1025 5 1025 225 
1026 6 1026 26 
1027 7 1027 227 
1028 8 1028 28 
1029 9 1029 229 
1030 10 1030 30 
1031 1 1031 231 
1032 2 1032 32 
1033 3 1033 233 
1034 4 1034 34 
1035 5 1035 235 
1036 6 1036 36 
1037 7 1037 237 
1038 8 1038 38 
1039 9 1039 239 
1040 10 1040 40 
1041 1 1041 241 
1042 2 1042 42 
1043 3 1043 243 
1044 4 1044 44 
1045 5 1045 245 
1046 6 1046 46 
1047 7 1047 247 
1048 8 1048 48 
1049 9 1049 249 
1050 10 1050 50 
1051 1 1051 251 
1052 2 1052 52 
1053 3 1053 253 
1054 4 1054 54 
1055 5 1055 255 
1056 6 1056 56 
1057 7 1057 257 
1058 8 1058 58 
1059 9 1059 259 
1060 10 1060 60 
1061 1 1061 261 
1062 2 1062 62 
1063 3 1063 263 
1064 4 1064 64 
1065 5 1065 265 
1066 6 1066 66 
1067 7 1067 267 
1068 8 1068 68 
1069 9 1069 269 
1070 10 1070 70 
1071 1 1071 271 
1072 2 1072 72 
1073 3 1073 273 
1074 4 1074 74 
1075 5 1075 275 
1076 6 1076 76 
1077 7 1077 277 
1078 8 1078 78 
1079 9 1079 279 
1080 10 1080 80 
1081 1 1081 281 
1082 2 1082 82 
1083 3 1083 283 
1084 4 1084 84 
1085 5 1085 285 
1086 6 1086 86 
1087 7 1087 287 
1088 8 1088 88 
1089 9 1089 289 
1090 10 1090 90 
1091 1 1091 291 
1092 2 1092 92 
1093 3 1093 293 
1094 4 1094 94 
1095 5 1095 295 
1096 6 1096 96 
1097 7 1097 297 
1098 8 1098 98 
1099 9 1099 299 
1100 10 1100 100 
1101 1 1101 301 
1102 2 1102 102 
1103 3 1103 303 
1104 4 1104 104 
1105 5 1105 305 
1106 6 1106 106 
1107 7 1107 307 
1108 8 1108 108 
1109 9 1109 309 
1110 10 1110 110 
1111 1 1111 311 
1112 2 1112 112 
1113 3 1113 313 
1114 4 1114 114 
1115 5 1115 315 
1116 6 1116 116 
1117 7 1117 317 
1118 8 1118 118 
1119 9 1119 319 
1120 10 1120 120 
1121 1 1121 321 
1122 2 1122 122 
1123 3 1123 323 
1124 4 1124 124 
1125 5 1125 325 
1126 6 1126 126 
1127 7 1127 327 
1128 8 1128 128 
1129 9 1129 329 
1130 10 1130 130 
1131 1 1131 331 
1132 2 1132 132 
1133 3 1133 333 
1134 4 1134 134 
1135 5 1135 335 
1136 6 1136 136 
1137 7 1137 337 
1138 8 1138 138 
1139 9 1139 339 
1140 10 1140 140 
1141 1 1141 341 
1142 2 1142 142 
1143 3 1143 343 
1144 4 1144 144 
1145 5 1145 345 
1146 6 1146 146 
1147 7 1147 347 
1148 8 1148 148 
1149 9 1149 349 
1150 10 1150 150 
1151 1 1151 351 
1152 2 1152 152 
1153 3 1153 353 
1154 4 1154 154 
1155 5 1155 355 
1156 6 1156 156 
1157 7 1157 357 
1158 8 1158 158 
1159 9 1159 359 
1160 10 1160 160 
1161 1 1161 361 
1162 2 1162 162 
1163 3 1163 363 
1164 4 1164 164 
1165 5 1165 365 
1166 6 1166 166 
1167 7 1167 367 
1168 8 1168 168 
1169 9 1169 369 
1170 10 1170 170 
1171 1 1171 371 
1172 2 1172 172 
1173 3 1173 373 
1174 4 1174 174 
1175 5 1175 375 
1176 6 1176 176 
1177 7 1177 377 
1178 8 1178 178 
1179 9 1179 379 
1180 10 1180 180 
1181 1 1181 381 
1182 2 1182 182 
1183 3 1183 383 
1184 4 1184 184 
1185 5 1185 385 
1186 6 1186 186 
1187 7 1187 387 
1188 8 1188 188 
1189 9 1189 389 
1190 10 1190 190 
1191 1 1191 391 
1192 2 1192 192 
1193 3 1193 393 
1194 4 1194 194 
1195 5 1195 395 
1196 6 1196 196 
1197 7 1197 397 
1198 8 1198 198 
1199 9 1199 399 
1200 10 1200 200 
1201 1 1201 1 
1202 2 1202 2 
1203 3 1203 3 
1204 4 1204 4 
1205 5 1205 5 
1206 6 1206 6 
1207 7 1207 7 
1208 8 1208 8 
1209 9 1209 9 
1210 10 1210 10 
1211 1 1211 11 
1212 2 1212 12 
1213 3 1213 13 
1214 4 1214 14 
1215 5 1215 15 
1216 6 1216 16 
1217 7 1217 17 
1218 8 1218 18 
1219 9 1219 19 
1220 10 1220 20 
1221 1 1221 21 
1222 2 1222 22 
1223 3 1223 23 
1224 4 1224 24 
1225 5 1225 25 
1226 6 1226 26 
1227 7 1227 27 
1228 8 1228 28 
1229 9 1229 29 
1230 10 1230 30 
1231 1 1231 31 
1232 2 1232 32 
1233 3 1233 33 
1234 4 1234 34 
1235 5 1235 35 
1236 6 1236 36 
1237 7 1237 37 
1238 8 1238 38 
1239 9 1239 39 
1240 10 1240 40 
1241 1 1241 41 
1242 2 1242 42 
1243 3 1243 43 
1244 4 1244 44 
1245 5 1245 45 
1246 6 1246 46 
1247 7 1247 47 
1248 8 1248 48 
1249 9 1249 49 
1250 10 1250 50 
1251 1 1251 51 
1252 2 1252 52 
1253 3 1253 53 
1254 4 1254 54 
1255 5 1255 55 
1256 6 1256 56 
1257 7 1257 57 
1258 8 1258 58 
1259 9 1259 59 
1260 10 1260 60 
1261 1 1261 61 
1262 2 1262 62 
1263 3 1263 63 
1264 4 1264 64 
1265 5 1265 65 
1266 6 1266 66 
1267 7 1267 67 
1268 8 1268 68 
1269 9 1269 69 
1270 10 1270 70 
1271 1 1271 71 
1272 2 1272 72 
1273 3 1273 73 
1274 4 1274 74 
1275 5 1275 75 
1276 6 1276 76 
1277 7 1277 77 
1278 8 1278 78 
1279 9 1279 79 
1280 10 1280 80 
1281 1 1281 81 
1282 2 1282 82 
1283 3 1283 83 
1284 4 1284 84 
1285 5 1285 85 
1286 6 1286 86 
1287 7 1287 87 
1288 8 1288 88 
1289 9 1289 89 
1290 10 1290 90 
1291 1 1291 91 
1292 2 1292 92 
1293 3 1293 93 
1294 4 1294 94 
1295 5 1295 95 
1296 6 1296 96 
1297 7 1297 97 
1298 8 1298 98 
1299 9 1299 99 
1300 10 1300 100 
1301 1 1301 101 
1302 2 1302 102 
1303 3 1303 103 
1304 4 1304 104 
1305 5 1305 105 
1306 6 1306 106 
1307 7 1307 107 
1308 8 1308 108 
1309 9 1309 109 
1310 10 1310 110 
1311 1 1311 111 
1312 2 1312 112 
1313 3 1313 113 
1314 4 1314 114 
1315 5 1315 115 
1316 6 1316 116 
1317 7 1317 117 
1318 8 1318 118 
1319 9 1319 119 
1320 10 1320 120 
1321 1 1321 121 
1322 2 1322 122 
1323 3 1323 123 
1324 4 1324 124 
1325 5 1325 125 
1326 6 1326 126 
1327 7 1327 127 
1328 8 1328 128 
1329 9 1329 129 
1330 10 1330 130 
1331 1 1331 131 
1332 2 1332 132 
1333 3 1333 133 
1334 4 1334 134 
1335 5 1335 135 
1336 6 1336 136 
1337 7 1337 137 
1338 8 1338 138 
1339 9 1339 139 
1340 10 1340 140 
1341 1 1341 141 
1342 2 1342 142 
1343 3 1343 143 
1344 4 1344 144 
1345 5 1345 145 
1346 6 1346 146 
1347 7 1347 147 
1348 8 1348 148 
1349 9 1349 149 
1350 10 1350 150 
1351 1 1351 151 
1352 2 1352 152 
1353 3 1353 153 
1354 4 1354 154 
1355 5 1355 155 
1356 6 1356 156 
1357 7 1357 157 
1358 8 1358 158 
1359 9 1359 159 
1360 10 1360 160 
1361 1 1361 161 
1362 2 1362 162 
1363 3 1363 163 
1364 4 1364 164 
1365 5 1365 165 
1366 6 1366 166 
1367 7 1367 167 
1368 8 1368 168 
1369 9 1369 169 
1370 10 1370 170 
1371 1 1371 171 
1372 2 1372 172 
1373 3 1373 173 
1374 4 1374 174 
1375 5 1375 175 
1376 6 1376 176 
1377 7 1377 177 
1378 8 1378 178 
1379 9 1379 179 
1380 10 1380 180 
1381 1 1381 181 
1382 2 1382 182 
1383 3 1383 183 
1384 4 1384 184 
1385 5 1385 185 
1386 6 1386 186 
1387 7 1387 187 
1388 8 1388 188 
1389 9 1389 189 
1390 10 1390 190 
1391 1 1391 191 
1392 2 1392 192 
1393 3 1393 193 
1394 4 1394 194 
1395 5 1395 195 
1396 6 1396 196 
1397 7 1397 197 
1398 8 1398 198 
1399 9 1399 199 
1400 10 1400 200 
1401 1 1401 201 
1402 2 1402 2 
1403 3 1403 203 
1404 4 1404 4 
1405 5 1405 205 
1406 6 1406 6 
1407 7 1407 207 
1408 8 1408 8 
1409 9 1409 209 
1410 10 1410 10 
1411 1 1411 211 
1412 2 1412 12 
1413 3 1413 213 
1414 4 1414 14 
1415 5 1415 215 
1416 6 1416 16 
1417 7 1417 217 
1418 8 1418 18 
1419 9 1419 219 
1420 10 1420 20 
1421 1 1421 221 
1422 2 1422 22 
1423 3 1423 223 
1424 4 1424 24 
1425 5 1425 225 
1426 6 1426 26 
1427 7 1427 227 
1428 8 1428 28 
1429 9 1429 229 
1430 10 1430 30 
1431 1 1431 231 
1432 2 1432 32 
1433 3 1433 233 
1434 4 1434 34 
1435 5 1435 235 
1436 6 1436 36 
1437 7 1437 237 
1438 8 1438 38 
1439 9 1439 239 
1440 10 1440 40 
1441 1 1441 241 
1442 2 1442 42 
1443 3 1443 243 
1444 4 1444 44 
1445 5 1445 245 
1446 6 1446 46 
1447 7 1447 247 
1448 8 1448 48 
1449 9 1449 249 
1450 10 1450 50 
1451 1 1451 251 
1452 2 1452 52 
1453 3 1453 253 
1454 4 1454 54 
1455 5 1455 255 
1456 6 1456 56 
1457 7 1457 257 
1458 8 1458 58 
1459 9 1459 259 
1460 10 1460 60 
1461 1 1461 261 
1462 2 1462 62 
1463 3 1463 263 
1464 4 1464 64 
1465 5 1465 265 
1466 6 1466 66 
1467 7 1467 267 
1468 8 1468 68 
1469 9 1469 269 
1470 10 1470 70 
1471 1 1471 271 
1472 2 1472 72 
1473 3 1473 273 
1474 4 1474 74 
1475 5 1475 275 
1476 6 1476 76 
1477 7 1477 277 
1478 8 1478 78 
1479 9 1479 279 
1480 10 1480 80 
1481 1 1481 281 
1482 2 1482 82 
1483 3 1483 283 
1484 4 1484 84 
1485 5 1485 285 
1486 6 1486 86 
1487 7 1487 287 
1488 8 1488 88 
1489 9 1489 289 
1490 10 1490 90 
1491 1 1491 291 
1492 2 1492 92 
1493 3 1493 293 
1494 4 1494 94 
1495 5 1495 295 
1496 6 1496 96 
1497 7 1497 297 
1498 8 1498 98 
1499 9 1499 299 
1500 10 1500 100

16 
